olga:111:49.0:0.0
vova:011:48.666666666666664:0.44444444444444525
oleg:010:48.333333333333336:0.44444444444444525
